# Exported from Wings 3D 2.2.5
mtllib WallTV.mtl
o WallTV
#32 vertices, 26 faces
v 0.90000000 0.0000000e+0 -3.6156412e-2
v 0.90000000 5.1763809e-2 -0.22934158
v 0.90000000 1.35229616 0.32619025
v 0.90000000 1.40405997 0.13300509
v -0.90000000 0.0000000e+0 -3.6156412e-2
v -0.90000000 5.1763809e-2 -0.22934158
v -0.90000000 1.35229616 0.32619025
v -0.90000000 1.40405997 0.13300509
v 0.30000000 5.1763809e-2 -0.22934158
v -0.30000000 5.1763809e-2 -0.22934158
v 0.30000000 1.40405997 0.13300509
v -0.30000000 1.40405997 0.13300509
v 0.90000000 0.59912178 -8.2677452e-2
v 0.90000000 0.85670200 -1.3659040e-2
v -0.90000000 0.59912178 -8.2677452e-2
v -0.90000000 0.85670200 -1.3659040e-2
v 0.30000000 0.88258390 -0.11025162
v 0.30000000 0.62500368 -0.17927003
v -0.30000000 0.88258390 -0.11025162
v -0.30000000 0.62500368 -0.17927003
v -0.30000000 0.93889093 -0.33794599
v 0.30000000 0.93889093 -0.33794599
v 0.30000000 0.67222427 -0.33794599
v -0.30000000 0.67222427 -0.33794599
v 0.85800000 4.0568885e-2 -2.5286012e-2
v 0.85800000 1.31172727 0.31531985
v -0.85800000 1.31172727 0.31531985
v -0.85800000 4.0568885e-2 -2.5286012e-2
v 0.85800000 4.8333456e-2 -5.4263787e-2
v 0.85800000 1.31949184 0.28634208
v -0.85800000 1.31949184 0.28634208
v -0.85800000 4.8333456e-2 -5.4263787e-2
vt 0.0000000e+0 0.21472593
vt 0.0000000e+0 0.72183972
vt 0.0000000e+0 0.77320891
vt 0.0000000e+0 0.82457810
vt 2.7755576e-17 0.72183972
vt 1.1102230e-16 0.36225538
vt 1.1102230e-16 0.77320891
vt 3.9875029e-4 0.14587007
vt 5.1371972e-4 0.36056143
vt 5.2890453e-4 1.1102230e-16
vt 1.0787530e-2 0.71105219
vt 1.0787530e-2 0.37304291
vt 0.15410757 0.77320891
vt 0.15410757 0.82457810
vt 0.15491944 0.36225538
vt 0.15498218 1.6570648e-4
vt 0.15564355 0.21502062
vt 0.15604015 0.14740480
vt 0.30821515 0.77320891
vt 0.30821515 0.82457810
vt 0.30828613 0.21485058
vt 0.30868273 0.14723476
vt 0.30934410 0.36208967
vt 0.30940684 0.0000000e+0
vt 0.45153519 0.71105219
vt 0.45153519 0.37304291
vt 0.46232272 0.82457810
vt 0.46232272 0.72183972
vt 0.46232272 0.77320891
vt 0.46232272 0.72183972
vt 0.46232272 0.36225538
vt 0.46379737 0.36225538
vt 0.46381256 1.6939519e-3
vt 0.46392753 0.21638530
vt 0.46432628 8.3266727e-17
vt 0.46432628 0.71404716
vt 0.46432628 0.77429120
vt 0.46432628 0.77429120
vt 0.46432628 0.81681286
vt 0.46432628 0.33800928
vt 0.46432628 0.36671536
vt 0.46432628 0.14752945
vt 0.46432628 0.33800928
vt 0.46432628 0.34571466
vt 0.46432628 0.35342003
vt 0.46432628 0.34571466
vt 0.50199637 0.50730204
vt 0.51394511 0.35342003
vt 0.51972347 0.57346048
vt 0.55739355 0.71404716
vt 0.60701238 0.70075183
vt 0.60701238 0.70075183
vt 0.61843385 0.71404716
vt 0.61843385 0.77429120
vt 0.61843385 0.77429120
vt 0.61843385 0.81681286
vt 0.61843385 0.71404716
vt 0.61843385 0.78253941
vt 0.65663121 0.71404716
vt 0.69430130 0.57346048
vt 0.70007966 0.35342003
vt 0.71202840 0.50730204
vt 0.74969848 0.35541433
vt 0.74969848 0.36671536
vt 0.75714131 0.35342003
vt 0.77254142 0.71404716
vt 0.77254142 0.72617557
vt 0.77254142 0.78253941
vt 0.77254142 0.79466783
vt 0.81329670 0.71404716
vt 0.83102380 0.78020559
vt 0.83718172 0.68190622
vt 0.84462455 0.67991192
vt 0.84875090 0.71404716
vt 0.88950618 0.72617557
vt 0.88950618 0.79466783
vt 0.90507394 0.35342003
vt 0.90507394 0.33800928
vt 0.90507394 0.34571466
vt 0.90507394 0.34571466
vt 0.90507394 0.0000000e+0
vt 0.90507394 0.33800928
vt 0.90507394 0.32649189
vt 0.91251676 0.32848619
vt 0.99255718 0.0000000e+0
vt 1.00000000 1.9942987e-3
vn -3.1321396e-17 -0.96592583 -0.25881905
vn 1.00000000 -9.9127056e-17 0.0000000e+0
vn 0.0000000e+0 -0.25881905 0.96592583
vn 1.2224366e-16 -0.25881905 0.96592583
vn -3.1321396e-17 -0.96592583 -0.25881905
vn 8.2726285e-2 0.17232576 -0.98156008
vn 1.00000000 -9.9127056e-17 0.0000000e+0
vn 3.3730734e-17 0.96592583 0.25881905
vn 1.00000000 -9.9127056e-17 0.0000000e+0
vn 0.0000000e+0 -0.25881905 0.96592583
vn 1.2187656e-16 -0.25881905 0.96592583
vn 3.3730734e-17 0.96592583 0.25881905
vn 1.00000000 -9.9127056e-17 0.0000000e+0
vn 8.2726285e-2 0.34154155 -0.93621885
vn -3.1321396e-17 -0.96592583 -0.25881905
vn -1.00000000 -9.9127056e-17 0.0000000e+0
vn 0.0000000e+0 -0.25881905 0.96592583
vn 1.2224366e-16 -0.25881905 0.96592583
vn -3.1321396e-17 -0.96592583 -0.25881905
vn -1.00000000 -9.9127056e-17 0.0000000e+0
vn -8.2726285e-2 0.17232576 -0.98156008
vn 3.3730734e-17 0.96592583 0.25881905
vn -1.00000000 -9.9127056e-17 0.0000000e+0
vn 1.2187656e-16 -0.25881905 0.96592583
vn 0.0000000e+0 -0.25881905 0.96592583
vn 3.3730734e-17 0.96592583 0.25881905
vn -1.00000000 -9.9127056e-17 0.0000000e+0
vn -8.2726285e-2 0.34154155 -0.93621885
vn -3.1321396e-17 -0.96592583 -0.25881905
vn 8.2726285e-2 0.17232576 -0.98156008
vn -1.4068577e-16 8.7016998e-2 -0.99620683
vn -3.1321396e-17 -0.96592583 -0.25881905
vn -1.4068577e-16 8.7016998e-2 -0.99620683
vn -8.2726285e-2 0.17232576 -0.98156008
vn 3.3730734e-17 0.96592583 0.25881905
vn 8.2726285e-2 0.34154155 -0.93621885
vn -1.2058780e-16 0.42274448 -0.90624892
vn 3.3730734e-17 0.96592583 0.25881905
vn -1.2058780e-16 0.42274448 -0.90624892
vn -8.2726285e-2 0.34154155 -0.93621885
vn 8.2726285e-2 0.17232576 -0.98156008
vn 1.00000000 -9.9127056e-17 0.0000000e+0
vn 0.16439899 0.25529753 -0.95278337
vn 1.00000000 -9.9127056e-17 0.0000000e+0
vn 0.16439899 0.25529753 -0.95278337
vn 8.2726285e-2 0.34154155 -0.93621885
vn -1.00000000 -9.9127056e-17 0.0000000e+0
vn -8.2726285e-2 0.17232576 -0.98156008
vn -0.16439899 0.25529753 -0.95278337
vn -1.00000000 -9.9127056e-17 0.0000000e+0
vn -0.16439899 0.25529753 -0.95278337
vn -8.2726285e-2 0.34154155 -0.93621885
vn 0.16439899 0.25529753 -0.95278337
vn 8.2726285e-2 0.34154155 -0.93621885
vn -1.2058780e-16 0.42274448 -0.90624892
vn 3.6979316e-17 0.97075785 0.24006080
vn 1.00000000 -8.4008941e-17 -1.6618356e-16
vn 8.2726285e-2 0.17232576 -0.98156008
vn -1.4068577e-16 8.7016998e-2 -0.99620683
vn 0.16439899 0.25529753 -0.95278337
vn 1.00000000 -8.4008941e-17 -1.6618356e-16
vn -3.9293805e-17 -0.95845935 -0.28522917
vn -1.2058780e-16 0.42274448 -0.90624892
vn -0.16439899 0.25529753 -0.95278337
vn -8.2726285e-2 0.34154155 -0.93621885
vn 3.6979316e-17 0.97075785 0.24006080
vn -1.00000000 8.4008941e-17 1.6618356e-16
vn -1.4068577e-16 8.7016998e-2 -0.99620683
vn -8.2726285e-2 0.17232576 -0.98156008
vn -0.16439899 0.25529753 -0.95278337
vn -3.9293805e-17 -0.95845935 -0.28522917
vn -1.00000000 8.4008941e-17 1.6618356e-16
vn -1.8503717e-16 0.0000000e+0 -1.00000000
vn 3.6979316e-17 0.97075785 0.24006080
vn -1.00000000 8.4008941e-17 1.6618356e-16
vn -1.8503717e-16 0.0000000e+0 -1.00000000
vn 3.6979316e-17 0.97075785 0.24006080
vn 1.00000000 -8.4008941e-17 -1.6618356e-16
vn -1.8503717e-16 0.0000000e+0 -1.00000000
vn 1.00000000 -8.4008941e-17 -1.6618356e-16
vn -3.9293805e-17 -0.95845935 -0.28522917
vn -1.8503717e-16 0.0000000e+0 -1.00000000
vn -3.9293805e-17 -0.95845935 -0.28522917
vn -1.00000000 8.4008941e-17 1.6618356e-16
vn 0.0000000e+0 -0.25881905 0.96592583
vn 1.2224366e-16 -0.25881905 0.96592583
vn -1.00000000 0.0000000e+0 0.0000000e+0
vn 3.3433779e-17 0.96592583 0.25881905
vn 0.0000000e+0 -0.25881905 0.96592583
vn 1.2187656e-16 -0.25881905 0.96592583
vn -1.00000000 0.0000000e+0 0.0000000e+0
vn -3.3433779e-17 -0.96592583 -0.25881905
vn 1.2187656e-16 -0.25881905 0.96592583
vn 0.0000000e+0 -0.25881905 0.96592583
vn -3.3433779e-17 -0.96592583 -0.25881905
vn 1.00000000 0.0000000e+0 0.0000000e+0
vn 0.0000000e+0 -0.25881905 0.96592583
vn 1.2224366e-16 -0.25881905 0.96592583
vn 1.00000000 0.0000000e+0 0.0000000e+0
vn 3.3433779e-17 0.96592583 0.25881905
vn 1.2290713e-16 -0.25881905 0.96592583
vn -1.00000000 0.0000000e+0 0.0000000e+0
vn 3.3433779e-17 0.96592583 0.25881905
vn 1.2290713e-16 -0.25881905 0.96592583
vn -1.00000000 0.0000000e+0 0.0000000e+0
vn -3.3433779e-17 -0.96592583 -0.25881905
vn 1.2290713e-16 -0.25881905 0.96592583
vn -3.3433779e-17 -0.96592583 -0.25881905
vn 1.00000000 0.0000000e+0 0.0000000e+0
vn 1.2290713e-16 -0.25881905 0.96592583
vn 1.00000000 0.0000000e+0 0.0000000e+0
vn 3.3433779e-17 0.96592583 0.25881905
g WallTV_Grey
usemtl Grey
s 1
f 1/31/4 25/26/86 28/12/98 5/6/18
f 2/64/7 13/62/42 14/60/44 4/59/13 3/51/9 1/61/2
f 5/48/16 7/52/23 8/50/27 16/49/50 15/47/47 6/41/20
f 7/2/24 27/11/93 26/25/90 3/30/11
f 10/24/33 20/22/68 18/18/59 9/16/31
f 11/15/37 17/17/55 19/21/63 12/23/39
f 18/74/61 23/75/80 22/76/78 17/71/57
f 19/71/67 21/69/75 24/67/84 20/70/72
f 26/73/91 30/72/105 29/63/102 25/65/87
f 28/85/99 32/86/111 31/84/109 27/83/96
s 2
f 2/10/6 9/16/30 18/18/58 13/8/41
f 3/30/10 26/25/89 25/26/85 1/31/3
f 4/29/12 11/19/35 12/13/38 8/3/26 7/5/22 3/28/8
f 5/6/17 28/12/97 27/11/94 7/2/25
f 15/42/48 20/22/69 10/24/34 6/33/21
f 22/58/76 23/57/79 24/66/82 21/68/73
s 3
f 1/7/1 5/29/15 6/27/19 10/20/32 9/14/29 2/4/5
f 4/9/14 14/1/46 17/17/54 11/15/36
f 16/34/51 19/21/64 20/22/70 15/42/49
f 17/53/56 22/54/77 21/37/74 19/36/66
f 20/55/71 24/56/83 23/39/81 18/38/62
f 25/78/88 29/79/103 32/44/112 28/43/100
f 27/80/95 31/77/108 30/45/106 26/46/92
s 4
f 12/23/40 19/21/65 16/34/52 8/32/28
f 13/8/43 18/18/60 17/17/53 14/1/45
g WallTV_White
usemtl White
s 2
f 30/82/104 31/40/107 32/35/110 29/81/101
